     Fp1	 -29.437	  83.917	   -6.99
      Fz	  0.3122	  58.512	  66.462
      F3	 -50.244	  53.111	  42.192
      F7	 -70.263	  42.474	  -11.42
     FT9	 -84.076	  14.567	 -50.429
     FC5	 -77.215	  18.643	   24.46
     FC1	 -34.062	  26.011	  79.987
      C3	 -65.358	 -11.632	  64.358
      T7	 -84.161	 -16.019	  -9.346
     CP5	 -79.592	 -46.551	  30.949
     CP1	 -35.513	 -47.292	  91.315
      Pz	  0.3247	 -81.115	  82.615
      P3	 -53.007	 -78.788	   55.94
      P7	 -72.434	 -73.453	  -2.487
      O1	 -29.413	 -112.45	   8.839
      Oz	  0.1076	 -114.89	  14.657
      O2	  29.843	 -112.16	     8.8
      P4	  55.667	  -78.56	  56.561
      P8	  73.056	 -73.068	   -2.54
    TP10	  86.162	 -47.035	 -45.869
     CP6	  83.322	 -46.101	  31.206
     CP2	  38.384	 -47.073	  90.695
     FCz	  0.3761	   27.39	  88.668
      C4	  67.118	   -10.9	   63.58
      T8	   85.08	  -15.02	   -9.49
     FT8	  81.815	  15.417	  -11.33
     FC6	  79.534	  19.936	  24.438
     FC2	  34.784	  26.438	  78.808
      F4	  51.836	  54.305	  40.814
      F8	  73.043	  44.422	     -12
     Fp2	  29.872	  84.896	   -7.08
     AF7	  -54.84	  68.572	  -10.59
     AF3	 -33.701	  76.837	  21.227
     AFz	  0.2313	  80.771	  35.417
      F1	 -27.496	  56.931	  60.342
      F5	 -64.466	  48.035	  16.921
     FT7	 -80.775	   14.12	 -11.135
     FC3	 -60.182	  22.716	  55.544
      C1	 -36.158	 -9.9839	  89.752
      C5	  -80.28	  -13.76	   29.16
     TP7	  -84.83	 -46.022	  -7.056
     CP3	 -63.556	 -47.009	  65.624
      P1	  -28.62	 -80.525	  75.436
      P5	 -67.272	 -76.291	  28.382
     PO7	  -54.84	 -97.528	   2.792
     PO3	 -36.511	 -100.85	  37.167
     POz	  0.2156	 -102.18	  50.608
     PO4	  36.782	 -100.85	  36.397
     PO8	  55.667	 -97.625	    2.73
      P6	  67.888	 -75.904	  28.091
      P2	   31.92	 -80.487	  76.716
     CPz	  0.3858	 -47.318	  99.432
     CP4	  66.612	 -46.637	   65.58
     TP8	  85.549	 -45.545	   -7.13
      C6	  83.456	 -12.776	  29.208
      C2	  37.672	 -9.6241	  88.412
     FC4	  62.293	  23.723	   55.63
    FT10	  84.113	  14.365	 -50.538
      F6	  67.914	   49.83	  16.367
     AF8	  55.743	  69.657	 -10.755
     AF4	  35.712	  77.726	  21.956
      F2	  29.514	  57.602	   59.54
     nas	       0	       0	       0
     lhj	       0	       0	       0
     rhj	       0	       0	       0
