   Fp1  113.0308   31.0867   43.6485
    Fz   89.3338  -12.2344  106.0283
    F3   79.0172   48.9638   94.4483
    F7   66.0781   71.3676   45.9006
    F9   30.6380   76.3928    5.5782
   FC5   43.8593   77.5179   78.5656
   FC1   53.1758   38.5199  122.4100
    C3   18.1948   66.4605  111.9001
    T7   12.5705   86.3786   47.3415
  ECG1  -40.1490  107.7524 -228.7636
   CP1  -11.4251   46.6051  132.0993
    Pz  -58.5142   11.8150  122.9910
    P3  -48.4626   63.1591   98.3846
    P7  -43.7541   81.2382   47.9940
    P9  -86.7522   41.3385   56.3481
    O1  -92.9226   16.2578   59.0436
    Oz  -91.2850  -13.9353   54.3466
    O2  -62.0254  -42.9901  102.0921
   P10  -62.8023  -61.4195   56.5058
    P8  -43.2364  -62.0336  -18.9190
    P4  -38.9531  -70.2358   73.7978
   CP2  -29.3730  -36.2294  131.3961
   CP6  -19.2141  -62.3772  108.4337
    T8   56.5638   11.7853  129.5775
    C4    7.2018  -64.8530  106.2998
    Cz   -8.0375  -81.5427   44.3194
   FC2   17.0796  -77.2189    5.8342
   FC6   30.8920  -76.4901   67.6161
   F10   51.6926  -40.7988  118.2101
    F8   70.6055  -54.5459   85.7417
    F4   49.6672  -71.6495   37.0953
   Fp2  104.9112  -39.1765   38.0188
   AF7   91.5604   54.4882   43.5233
   AF3  102.8841   38.5575   72.1930
   AFz  112.0854   -6.6267   77.4770
    F1   86.7415   23.8111  108.2588
    F5   76.0416   62.2202   66.3519
   FT7   41.6941   80.0200   46.7629
   FC3   50.2666   60.4743   99.4111
    C1   25.8856   39.2510  131.4526
    C5   11.6907   84.3462   79.9976
   TP7  -15.1850   88.4424   45.8665
   CP3   -9.2336   69.0854  110.6535
    P1  -50.5593   41.2559  119.7579
    P5  -39.1987   77.5736   76.6192
   PO7  -61.4331   65.9597   46.1041
   PO3  -70.9304   49.7573   84.0798
   POz  -80.5454   13.8304   96.1422
   PO4  -83.9257  -21.5291   86.8898
   PO8  -82.6026  -40.2405   57.7692
    P6  -65.3051  -53.9213   76.7233
    P2  -63.3512  -15.2040  115.5343
   CPz  -29.2144   13.7378  138.8777
   CP4  -32.6178  -58.8329  106.4466
   TP8  -42.6984  -74.6889   50.8033
    C6    0.6888  -78.1528   77.8138
    C2   14.8637  -41.4068  129.3708
   FC4   42.2171  -61.6946   99.7575
   FT8   20.8391  -77.7085   33.7118
    F6   58.8248  -67.7132   58.5989
   AF8   84.0475  -55.9455   34.7689
   AF4   94.2255  -45.0527   71.8022
    F2   81.4765  -35.8875  101.7847
   FCz  -95.1678   14.2239   24.2157
   nas  110.0261   -0.0000   -0.0000
   lhj    6.9381   80.0086   -0.0000
   rhj   -6.9381  -80.0086   -0.0000
