   Fp1  105.9276   29.3422   66.8159
    Fz   66.4484   -2.1494  123.7135
    F3   59.9094   45.3245  102.7517
    F7   62.0175   68.6308   59.5730
    F9   34.2379   78.5712    7.9506
   FC5   34.9078   74.0046   77.9032
   FC1   20.2263   39.8380  125.9352
    C3  -12.4876   68.5622  104.8109
    T7   -4.2346   86.0756   37.2070
  ECG1  -53.2367  226.0020 -168.8785
   CP1  -36.5336   80.5153   67.2696
    Pz  -53.5254   41.5165  115.6548
    P3  -82.5160    3.1461   91.2667
    P7  -68.0510   59.5056   77.9418
    P9  -53.6733   75.0203   23.9718
    O1  -93.4151   35.4325   28.3861
    Oz  -99.3225    9.4805   21.5119
    O2  -99.6373  -15.1901   25.8107
   P10  -79.4990  -38.1171   79.1846
    P8  -63.4162  -58.9791   35.7714
    P4  -41.5760  -69.6039   -3.4021
   CP2  -46.4205  -64.4270   67.4736
   CP6  -59.5133  -25.7391  114.8183
    T8   11.8588   -3.1945  142.0410
    C4  -21.2506  -59.1991  104.6051
    Cz  -13.0301  -78.8385   38.3243
   FC2   17.1381  -77.3886   13.2095
   FC6   13.2068  -74.9762   73.3968
   F10   15.8718  -36.6149  125.2216
    F8   46.5480  -53.4969   97.9327
    F4   42.7919  -72.7164   48.8368
   Fp2   99.4474  -39.5197   65.3930
   AF7   81.9950   56.8726   61.4038
   AF3   84.1582   34.3523   96.7325
   AFz   91.5771    0.5227  109.6476
    F1   53.3357   24.8589  121.4559
    F5   54.1628   65.7771   80.3050
   FT7   37.5485   79.9352   49.2092
   FC3   20.9766   59.0096  110.5717
    C1  -12.4642   40.3615  128.1679
    C5   -6.7903   81.7136   73.5173
   TP7  -31.6821   83.6979   30.1795
   CP3  -43.7206   67.1062   95.1070
    P1  -78.9382   34.8117   90.5981
    P5  -62.8246   71.7992   51.1842
   PO7  -73.2206   61.5413   23.3988
   PO3  -86.8047   43.8292   56.6674
   POz  -95.2078    8.5456   64.2634
   PO4  -96.0687  -19.0627   56.0207
   PO8  -83.4702  -41.5560   30.7997
    P6  -72.4742  -52.7257   58.7537
    P2  -81.3475  -19.4323   91.6654
   CPz  -60.9939    7.8300  118.3913
   CP4  -52.5031  -50.8293   94.8230
   TP8  -38.3790  -72.1714   37.1614
    C6  -13.8883  -74.5751   70.9573
    C2  -20.4253  -32.9177  128.6762
   FC4   11.6634  -55.9483  107.5009
   FT8   15.1509  -78.7816   45.5577
    F6   47.4767  -64.9863   78.4062
   AF8   72.4078  -57.8791   64.7625
   AF4   79.3675  -43.3843   86.5008
    F2   50.7003  -32.0729  117.0343
   FCz  -92.5516    6.9896   -5.0305
   nas  112.6051   -0.0000    0.0000
   lhj    2.8785   76.9813   -0.0000
   rhj   -2.8785  -76.9813    0.0000
